box-moles: 0.011146677032025971
box-temp: 0.010267355083263027
mcm-CO: 0.8294025953218651
mcm-H2O2: 0.6023337621780067
mcm-HO2: 0.27547687108696317
mcm-O1D: 0.32327532154265753
mcm-O3: 0.7384270972169161
mcm-OH: 0.26440800200964426
