box-moles: 0.011146677032025971
box-temp: 0.010267355083263027
mcm-CO: 0.3824253067218147
mcm-H2O2: 0.03614389463072732
mcm-HO2: 0.10078164707822461
mcm-O1D: 0.16133611640663184
mcm-O3: 0.42542201528758833
mcm-OH: 0.04545237531248521
