EI_CO: 9.702600948523923
EI_NOx: 17.504394794753722
box-moles: 3.147970808051211
box-temp: 2.772807318308022
mcm-CO: 1.31432846682844
mcm-H2O2: 1.2880148823486735
mcm-HO2: 9.824308297162661
mcm-O1D: 10.294411380205009
mcm-O3: 1.3020086012236551
mcm-OH: 11.70119548146299
