box-moles: 0.011146677032025971
box-temp: 0.010267355083263027
mcm-CO: 0.01666254433392563
mcm-H2O2: 0.014568681750833586
mcm-HO2: 0.030806809439486174
mcm-O1D: 0.021605354812377815
mcm-O3: 0.0020823993168198863
mcm-OH: 0.02819846174900982
