box-moles: 0.011146677032025971
box-temp: 0.010267355083263027
mcm-CO: 0.05316651661331702
mcm-H2O2: 0.09240885611886565
mcm-HO2: 0.05059258282921832
mcm-O1D: 0.022467037194846936
mcm-O3: 0.014335170600393929
mcm-OH: 0.03363510407703853
